name: llm_hack
channels:
  - conda-forge
  - defaults
dependencies:
  - _python_abi3_support=1.0=hd8ed1ab_2
  - asttokens=3.0.0=pyhd8ed1ab_1
  - bzip2=1.0.8=h0ad9c76_8
  - ca-certificates=2025.8.3=h4c7d964_0
  - colorama=0.4.6=pyhd8ed1ab_1
  - comm=0.2.3=pyhe01879c_0
  - cpython=3.13.7=py313hd8ed1ab_100
  - debugpy=1.8.16=py313h927ade5_1
  - decorator=5.2.1=pyhd8ed1ab_0
  - exceptiongroup=1.3.0=pyhd8ed1ab_0
  - executing=2.2.1=pyhd8ed1ab_0
  - importlib-metadata=8.7.0=pyhe01879c_1
  - ipykernel=6.30.1=pyh3521513_0
  - ipython=9.5.0=pyh6be1c34_0
  - ipython_pygments_lexers=1.1.1=pyhd8ed1ab_0
  - jedi=0.19.2=pyhd8ed1ab_1
  - jupyter_client=8.6.3=pyhd8ed1ab_1
  - jupyter_core=5.8.1=pyh5737063_0
  - krb5=1.21.3=hdf4eb48_0
  - libblas=3.9.0=35_h5709861_mkl
  - libcblas=3.9.0=35_h2a3cdd5_mkl
  - libexpat=2.7.1=hac47afa_0
  - libffi=3.4.6=h537db12_1
  - libhwloc=2.12.1=default_h64bd3f2_1001
  - libiconv=1.18=hc1393d2_2
  - liblapack=3.9.0=35_hf9ab0e9_mkl
  - liblzma=5.8.1=h2466b09_2
  - libmpdec=4.0.0=h2466b09_0
  - libsodium=1.0.20=hc70643c_0
  - libsqlite=3.50.4=hf5d6505_0
  - libwinpthread=12.0.0.r4.gg4f2fc60ca=h57928b3_9
  - libxml2=2.14.6=h5d26750_1
  - libxml2-16=2.14.6=h692994f_1
  - libzlib=1.3.1=h2466b09_2
  - llvm-openmp=20.1.8=hfa2b4ca_2
  - matplotlib-inline=0.1.7=pyhd8ed1ab_1
  - mkl=2024.2.2=h57928b3_16
  - nest-asyncio=1.6.0=pyhd8ed1ab_1
  - numpy=2.3.3=py313hce7ae62_0
  - openssl=3.5.2=h725018a_0
  - packaging=25.0=pyh29332c3_1
  - pandas=2.3.2=py313hc90dcd4_0
  - parso=0.8.5=pyhcf101f3_0
  - pickleshare=0.7.5=pyhd8ed1ab_1004
  - pip=25.2=pyh145f28c_0
  - platformdirs=4.4.0=pyhcf101f3_0
  - prompt-toolkit=3.0.52=pyha770c72_0
  - psutil=7.0.0=py313h5ea7bf4_1
  - pure_eval=0.2.3=pyhd8ed1ab_1
  - pygments=2.19.2=pyhd8ed1ab_0
  - python=3.13.7=hdf00ec1_100_cp313
  - python-dateutil=2.9.0.post0=pyhe01879c_2
  - python-gil=3.13.7=h4df99d1_100
  - python-tzdata=2025.2=pyhd8ed1ab_0
  - python_abi=3.13=8_cp313
  - pytz=2025.2=pyhd8ed1ab_0
  - pywin32=311=py313h40c08fc_1
  - pyzmq=27.1.0=py312hbb5da91_0
  - six=1.17.0=pyhe01879c_1
  - stack_data=0.6.3=pyhd8ed1ab_1
  - tbb=2021.13.0=h18a62a1_3
  - tk=8.6.13=h2c6b04d_2
  - tornado=6.5.2=py313h5ea7bf4_1
  - traitlets=5.14.3=pyhd8ed1ab_1
  - typing_extensions=4.15.0=pyhcf101f3_0
  - tzdata=2025b=h78e105d_0
  - ucrt=10.0.26100.0=h57928b3_0
  - vc=14.3=h41ae7f8_31
  - vc14_runtime=14.44.35208=h818238b_31
  - vcomp14=14.44.35208=h818238b_31
  - wcwidth=0.2.13=pyhd8ed1ab_1
  - zeromq=4.3.5=h5bddc39_9
  - zipp=3.23.0=pyhd8ed1ab_0
  - pip:
      - bcrypt==4.3.0
      - bidict==0.23.1
      - blinker==1.9.0
      - cachelib==0.13.0
      - click==8.2.1
      - flask==3.1.2
      - flask-login==0.6.3
      - flask-session==0.8.0
      - flask-socketio==5.5.1
      - flask-sqlalchemy==3.1.1
      - flask-wtf==1.2.2
      - greenlet==3.2.4
      - h11==0.16.0
      - itsdangerous==2.2.0
      - ivoryos==1.3.3
      - jinja2==3.1.6
      - markupsafe==3.0.2
      - msgspec==0.19.0
      - python-dotenv==1.1.1
      - python-engineio==4.12.2
      - python-socketio==5.13.0
      - simple-websocket==1.1.0
      - sqlalchemy==2.0.43
      - sqlalchemy-utils==0.42.0
      - werkzeug==3.1.3
      - wsproto==1.2.0
      - wtforms==3.2.1
prefix: C:\Users\wiea\AppData\Local\miniconda3\envs\llm_hack
